cube
spike 1100 0 75 75 0
spike 2000 0 75 75 0
block 3000 0 1075 75 0
block 3250 75 825 75 0
block 3500 150 575 75 0
block 3750 225 325 75 0
block 4000 300 75 75 0
dragonportal 4000 375
lava 4075 0 3500 15 0
spike 4000 550 50 50 180
spike 4050 550 50 50 180
spike 4100 550 50 50 180
spike 4150 550 50 50 180
spike 4200 550 50 50 180
spike 4250 550 50 50 180
spike 4300 550 50 50 180
spike 4350 550 50 50 180
spike 4400 550 50 50 180
spike 4450 550 50 50 180
spike 4500 550 50 50 180
spike 4550 550 50 50 180
spike 4600 550 50 50 180
spike 4650 550 50 50 180
spike 4700 550 50 50 180
spike 4750 550 50 50 180
spike 4800 550 50 50 180
spike 4850 550 50 50 180
spike 4900 550 50 50 180
spike 4950 550 50 50 180
spike 5000 550 50 50 180
spike 5050 550 50 50 180
spike 5100 550 50 50 180
spike 5150 550 50 50 180
spike 5200 550 50 50 180
spike 5250 550 50 50 180
spike 5300 550 50 50 180
spike 5350 550 50 50 180
spike 5400 550 50 50 180
spike 5450 550 50 50 180
spike 5500 550 50 50 180
spike 5550 550 50 50 180
spike 5600 550 50 50 180
spike 5650 550 50 50 180
spike 5700 550 50 50 180
spike 5750 550 50 50 180
spike 5800 550 50 50 180
spike 5850 550 50 50 180
spike 5900 550 50 50 180
spike 5950 550 50 50 180
spike 6000 550 50 50 180
spike 6050 550 50 50 180
spike 6100 550 50 50 180
spike 6150 550 50 50 180
spike 6200 550 50 50 180
spike 6250 550 50 50 180
spike 6300 550 50 50 180
spike 6350 550 50 50 180
spike 6400 550 50 50 180
spike 6450 550 50 50 180
spike 6500 550 50 50 180
spike 6550 550 50 50 180
spike 6600 550 50 50 180
spike 6650 550 50 50 180
spike 6700 550 50 50 180
spike 6750 550 50 50 180
spike 6800 550 50 50 180
spike 6850 550 50 50 180
spike 6900 550 50 50 180
spike 6950 550 50 50 180
spike 7000 550 50 50 180
spike 7050 550 50 50 180
spike 7100 550 50 50 180
spike 7150 550 50 50 180
spike 7200 550 50 50 180
spike 7250 550 50 50 180
spike 7300 550 50 50 180
spike 7350 550 50 50 180
spike 7400 550 50 50 180
spike 7450 550 50 50 180
spike 7500 550 50 50 180
spike 7550 550 50 50 180
block 7575 0 75 200 0
block 7575 200 2500 20 0
orbportal 7575 220
lava 7650 0 3600 15 0
block 7575 380 75 260 0
block 7575 360 2825 20 0
block 10375 170 25 190 0
spike 8000 220 25 25 0
spike 8500 335 25 25 180
spike 9000 220 25 25 0
spike 9250 335 25 25 180
spike 9500 220 25 25 0
spike 9750 335 25 25 180
spike 10000 220 25 25 0
block 10375 150 875 20 45
block 10075 20 750 25 0
block 11250 150 1075 440 0
cyclopsportal 11250 0
spike 11750 0 75 75 0
spike 12250 75 75 75 180
spike 13000 525 75 75 180
block 12550 0 2525 200 0
block 13550 200 500 200 0
block 14250 360 825 240 0
spike 13900 400 75 75 0  
laserportal 15000 200
spike 16000 300 600 300 180
spike 17000 0 600 300 0
spike 18000 300 600 300 180
spike 19000 0 600 300 0
spike 20000 300 600 300 180
spike 21000 0 600 300 0
lava 15075 0 6925 15 0
cubeportal 22000 440
block 22000 0 75 440 0
yellowspring 22350 0 0
spike 22450 0 75 75 0
yellowglobe 23060 100
spike 23000 0 75 75 0
spike 23070 0 75 75 0
spike 23145 0 75 75 0
spike 23600 0 75 75 0
gravspring 23725 0 0
gravspring 23800 0 0
gravspring 23875 0 0
spike 24500 525 75 75 180
spike 25000 525 75 75 180
spike 25075 525 75 75 180
spike 25150 525 75 75 180
gravityglobe 25060 500
gravspring 25400 0 0
cyclopsportal 25750 440
block 25750 0 75 440 0
gravspring 25950 0 0
spike 26050 0 50 50 0
spike 26300 550 50 50 180
spike 26550 0 50 50 0
spike 26800 550 50 50 180
spike 27050 0 50 50 0
spike 26300 550 50 50 180
spike 26550 0 50 50 0
spike 26800 550 50 50 180
spike 27050 0 50 50 0
spike 27300 550 50 50 180
spike 27550 0 50 50 0
spike 27800 550 50 50 180
spike 28050 0 50 50 0
spike 28300 550 50 50 180
spike 28550 0 50 50 0
spike 28800 550 50 50 180
spike 29050 0 50 50 0
spike 29300 550 50 50 180
dragonportal 29500 0
block 29500 160 75 440 0
gravspring 29625 0 0
lava 29575 585 3425 15 180
lava 30500 0 2500 15 0
orbportal 33000 200
block 33000 0 75 200 0
block 33000 360 75 280 0
yellowspring 33250 0 0
block 33600 150 2500 25 0
spike 33625 550 50 50 180
lava 34100 175 2000 15 0
block 34100 300 2000 25 0
spike 34125 550 50 50 180
lava 34600 325 1500 15 0
block 34600 450 1500 25 0
spike 34625 550 50 50 180
lava 35100 475 1000 15 0
block 36750 150 75 440 0
cubeportal 36750 0
gravityglobe 37260 100
spike 37200 0 75 75 0
spike 37275 0 75 75 0
spike 37350 0 75 75 0
spike 38000 525 75 75 180
block 39500 515 1075 75 0
block 39750 440 825 75 0
block 40000 365 575 75 0
block 40250 290 325 75 0
block 40500 215 75 75 0
laserportal 40500 55
gravspring 40575 55 0
spike 41000 300 600 300 180
spike 42000 0 600 300 0
spike 43000 300 600 300 180
lava 40500 0 3500 15 0
lava 40500 585 3500 15 180
dragonportal 44250 0
block 44250 160 75 440 0
block 48000 0 75 200 0
block 48000 360 75 280 0
cubeportal 48000 200
spike 48500 0 75 75 0
yellowspring 48590 0 0
spike 48680 0 75 75 0
spike 50000 0 75 75 0
yellowglobe 50060 75
spike 50075 0 75 75 0
spike 50150 0 75 75 0
yellowglobe 50120 75
spike 50225 0 75 75 0
yellowglobe 50180 75
spike 50300 0 75 75 0
yellowglobe 50240 75
spike 50375 0 75 75 0
yellowglobe 50300 75
spike 50450 0 75 75 0
yellowglobe 50360 75
spike 50525 0 75 75 0
yellowglobe 50420 75
yellowglobe 50480 75
yellowglobe 50540 75
end 55000

-=-=-=-=-=-=-

cube
spike 800 0 50 50
block 1200 0 75 75
spike 1275 0 75 75
gravspring 1500 0 0
gravspring 4200 500 180
gravspring 6500 0 0
gravspring 8000 500 180
cyclopsportal 2000 0
laserportal 3500 0
orbportal 5000 0
dragonportal 7000 0
spike 8000 200 100 100
lava 9000 0 1000 25
end 11000

-=-=-=-=-


# Macaco Map Setup
1ยบ gamemode
spike x y tamanho_x tamanho_y angle
block x y tamanho_x tamanho_y
lava x y tamanho_x tamanho_y angle
gravspring x y angle
yellowspring x y angle
yellowglobe x y
cubeportal x y
laserportal x y
orbportal x y
dragonportal x y
cyclopsportal x y
end x

BASE_BOTTOM: y = 0
BASE_TOP: Y = 590



