cube
spike 790 0 50 50 0
block 850 0 50 100
lava 850 0 1340 25 0
block 1170 100 60 20
block 1310 40 120 20
block 1550 160 60 20
block 1870 230 70 20
block 2030 170 60 20
block 2030 370 60 60
spike 2030 310 60 60 180
block 2190 0 120 130
block 2190 330 60 60
spike 2190 270 60 60 180
lava 2190 0 1290 25 0
yellowglobe 2420 230
yellowglobe 2650 330
block 2880 410 200 60
block 3080 330 200 60
block 3280 250 200 60
block 3480 0 200 230
block 3900 240 100 20
gravspring 3900 0 0
block 4260 0 200 530
block 4710 475 50 60
gravspring 4710 465 180
block 5000 140 120 520
spike 5000 80 60 60 180
spike 5060 80 60 60 180
yellowspring 5300 0 0
block 5500 250 60 60
spike 5440 250 60 60 90
block 5500 310 60 60
spike 5440 310 60 60 90
block 5500 370 60 60
spike 5440 370 60 60 90
spike 5520 0 60 60 0
yellowglobe 5850 90
block 6050 150 60 60
block 6300 0 200 330
block 6300 420 200 330
dragonportal 6500 300
block 6800 0 660 150
block 6800 440 660 150
spike 6800 150 60 60 0
spike 6860 150 60 60 0
spike 6920 150 60 60 0
spike 6980 150 60 60 0
spike 7040 150 60 60 0
spike 7100 150 60 60 0
spike 7160 150 60 60 0
spike 7220 150 60 60 0
spike 7280 150 60 60 0
spike 7340 150 60 60 0
spike 7400 150 60 60 0
spike 6800 380 60 60 180
spike 6860 380 60 60 180
spike 6920 380 60 60 180
spike 6980 380 60 60 180
spike 7040 380 60 60 180
spike 7100 380 60 60 180
spike 7160 380 60 60 180
spike 7220 380 60 60 180
spike 7280 380 60 60 180
spike 7340 380 60 60 180
spike 7400 380 60 60 180
block 7800 0 200 400
block 8550 190 200 400
block 9200 0 200 400
block 9900 0 200 400
laserportal 10100 450
block 10500 200 60 390
block 11000 0 60 390
block 11500 200 60 390
block 11800 300 60 60
block 12000 50 60 60
block 12000 400 60 60
block 12200 350 60 60
block 12200 100 60 60
block 12400 400 100 400
block 12400 0 100 200
cyclopsportal 12500 220
spike 12800 0 60 60 0
spike 12860 0 60 60 0
spike 13000 550 60 60 180
spike 13060 550 60 60 180
spike 13200 0 60 60 0
spike 13260 0 60 60 0
spike 13400 550 60 60 180
spike 13460 550 60 60 180
block 13650 0 200 200
lava 13850 0 1150 25 0
block 13850 490 400 600
block 14050 200 200 200
cubeportal 14250 370
yellowglobe 14400 300
yellowglobe 14700 100
yellowglobe 14850 200
yellowglobe 15000 320
block 15100 0 200 350
end 15300

# Macaco Map Setup
1ยบ gamemode
spike x y tamanho_x tamanho_y angulo
block x y tamanho_x tamanho_y
gravspring x y angulo
yellowspring x y angulo
yellowglobe x y
cubeportal x y
laserportal x y
orbportal x y
dragonportal x y
cyclopsportal x y
end x

BASE_BOTTOM: y = 0
BASE_TOP: Y = 590


