cube
spike 800 0 25 25 0
spike 1200 0 50 50 0
spike 1600 0 75 75 0
spike 2000 0 100 100 0
dragonportal 2250 0
block 2800 0 240 225 
block 2800 375 240 225
lava 2800 360 240 15 180
lava 2800 225 240 15 0
block 3600 0 280 325 
block 3600 475 280 300
lava 3600 460 280 15 180
lava 3600 325 280 15 0
laserportal 4300 150
block 4300 0 75 150
block 4300 300 75 375
spike 4700 220 333 200 180
spike 5000 220 333 200 180
spike 5300 220 333 200 180
spike 5600 220 333 200 180
spike 4850 0 333 200 0
spike 5150 0 333 200 0
spike 5450 0 333 200 0
block 4700 420 25 200
cyclopsportal 5850 150
block 5850 0 150 150
block 6300 515 400 75
block 6400 0 300 75
block 6500 440 200 75
block 6600 75 100 75
gravspring 6850 0 0
block 7300 0 400 75
block 7400 515 300 75
block 7500 75 200 75
block 7600 440 100 75
block 8200 75 25 550
block 8400 0 25 515
block 8800 75 25 550
block 9000 0 25 515
block 9400 75 25 550
block 9600 0 25 515
cubeportal 9650 440
yellowglobe 10500 100 0
lava 10320 0 380 25 0
yellowglobe 11400 100
lava 11220 0 380 25 0
yellowglobe 12200 100
lava 12000 0 500 25 0
yellowglobe 12400 200
gravspring 13000 0 0
spike 13150 0 150 150 0
yellowglobe 13500 450
lava 13320 575 380 25 180
yellowglobe 14150 450
lava 13970 575 380 25 180
yellowglobe 15050 450
lava 14870 575 380 25 180
laserportal 15250 440
block 15620 75 25 550
spike 15750 220 333 200 180
spike 16050 220 333 200 180
spike 16350 220 333 200 180
spike 15900 0 333 200 0
spike 16200 0 333 200 0
spike 16500 0 333 200 0
orbportal 16850 0
block 16850 150 75 500
block 16850 150 2000 75
spike 17350 0 50 50 0
spike 17550 100 50 50 180
spike 17750 0 50 50 0
spike 17950 100 50 50 180
spike 18150 0 50 50 0
spike 18350 100 50 50 180
spike 18550 0 50 50 0
spike 18750 100 50 50 180
block 19200 0 75 200
dragonportal 19200 440
block 19700 0 75 225 
block 19700 375 75 225
block 20200 0 75 175 
block 20200 325 75 275
block 20700 0 75 275 
block 20700 425 75 225
block 21200 0 75 375 
block 21200 525 75 325
block 21700 0 75 250 
block 21700 400 75 250
block 22200 0 75 250 
block 22200 400 75 250
block 22700 0 75 50 
block 22700 200 75 450
yellowglobe 22825 50
block 23100 0 75 430 
block 23100 580 75 70
block 23400 0 75 515
gravspring 23400 590 180
block 23900 0 75 225 
block 23900 375 75 225
block 24400 0 75 175 
block 24400 325 75 275
block 24900 0 75 275 
block 24900 425 75 225
block 25400 0 75 375 
block 25400 525 75 325
block 25900 0 75 250 
block 25900 400 75 250
block 26400 0 75 250 
block 26400 400 75 250
block 27300 0 75 50 
block 27300 200 75 450
yellowglobe 27060 465
block 26900 0 75 430 
block 26900 580 75 70
orbportal 27375 50
lava 28000 0 2000 25 0
lava 27000 585 2500 25 180
yellowglobe 28050 400
yellowglobe 28550 450
block 28750 515 300 75
yellowglobe 29150 100
yellowglobe 29650 50
spike 30500 0 50 50 0
lava 30400 585 500 25 180
gravspring 30600 520 180
cubeportal 31000 0
yellowspring 31800 0 0
spike 31875 0 150 150 0 
yellowglobe 31950 225 
block 32200 200 75 400 
yellowspring 32300 0 0 
spike 32275 200 100 100 270 
yellowspring 32875 0 0 
spike 32950 0 150 150 0 
yellowglobe 33025 225 
block 32675 200 75 400 
yellowspring 32550 0 0 
spike 32575 200 100 100 90 
spike 33100 0 150 150 0 
orbportal 33500 0 
spike 33700 0 75 75 0 
block 33500 250 5500 75 
spike 33600 225 75 25 180 
spike 33800 225 75 25 180 
laserportal 33900 0 
lava 34000 230 1000 20 180 
spike 34100 150 167 100 180 
spike 34550 150 167 100 180 
spike 34700 150 167 100 180 
spike 35000 150 167 100 180 
spike 34250 0 167 100 0 
spike 34400 0 167 100 0 
spike 34850 0 167 100 0 
cyclopsportal 35200 0 
lava 35400 0 150 25 0 
lava 35650 225 250 25 180 
lava 36000 0 200 25 0 
lava 36300 225 300 25 180 
lava 36700 0 100 25 0 
lava 36900 225 250 25 180 
lava 37250 0 150 25 0 
lava 37500 225 250 25 180 
lava 37850 0 200 25 0 
lava 38150 225 300 25 180 
lava 38550 0 100 25 0 
lava 38750 225 250 25 180 
dragonportal 39000 0 
block 39800 0 240 125 
block 39800 275 240 325 
lava 39800 260 240 15 180 
lava 39800 125 240 15 0 
block 40600 0 280 325 
block 40600 475 280 300 
lava 40600 460 280 15 180 
lava 40600 325 280 15 0 
block 41400 0 280 200 
block 41400 350 280 425 
lava 41400 335 280 15 180 
lava 41400 200 280 15 0 
block 42200 0 500 250 
block 42200 400 500 375 
lava 42200 385 500 15 180 
lava 42200 250 500 15 0 
block 43300 150 75 500 
cubeportal 43300 0 
block 43600 0 75 75 
block 43600 250 75 400 
block 43900 0 75 150 
block 43900 325 75 400 
block 44200 0 75 225 
block 44200 400 75 400 
block 44500 0 75 300 
block 44500 475 75 400 
block 44800 0 75 375 
block 44800 550 75 400 
block 45100 0 75 150 
block 45100 325 75 400 
block 45400 0 75 225 
block 45400 400 75 400 
block 45700 0 75 300 
block 45700 475 75 400 
block 46000 0 75 75 
block 46000 250 75 400 
block 46300 0 75 150 
block 46300 325 75 400 
gravspring 46600 0 0 
spike 47150 515 75 75 180 
block 47600 0 75 340 
block 47600 515 75 400 
block 47900 0 75 265 
block 47900 440 75 400 
block 48200 0 75 190 
block 48200 365 75 400 
block 48500 0 75 115 
block 48500 290 75 400 
block 48800 0 75 40 
block 48800 215 75 400 
block 49100 0 75 265 
block 49100 440 75 400 
block 49400 0 75 190 
block 49400 365 75 400 
block 49700 0 75 115 
block 49700 290 75 400 
block 50000 0 75 340 
block 50000 515 75 400 
block 50300 0 75 265 
block 50300 440 75 400 
dragonportal 50700 440 
block 51200 0 25 275 
block 51200 375 25 225 
block 51600 0 25 225 
block 51600 325 25 275 
block 52000 0 25 325 
block 52000 425 25 225 
block 52400 0 25 425 
block 52400 525 25 325 
block 52800 0 25 300 
block 52800 400 25 250 
block 53200 0 25 300 
block 53200 400 25 250 
block 53600 0 25 100 
block 53600 200 25 450 
block 54000 0 25 50 
block 54000 150 25 500 
block 54400 0 25 200 
block 54400 300 25 300 
block 55000 150 75 500 
cyclopsportal 55000 0 
spike 55400 0 50 50 0 
block 55400 300 500 75 
spike 55600 540 50 50 180 
spike 55800 300 50 50 0 
spike 56200 540 50 50 180 
block 56200 200 400 75 
spike 56400 0 50 50 0 
spike 56550 150 50 50 180 
block 56600 250 2167 75 
laserportal 56600 0 
lava 56700 230 2067 20 180 
spike 56800 150 167 100 180 
spike 57250 150 167 100 180 
spike 57400 150 167 100 180 
spike 57700 150 167 100 180 
spike 56950 0 167 100 0 
spike 57100 0 167 100 0 
spike 57550 0 167 100 0 
spike 57850 150 167 100 180 
spike 58000 0 167 100 0 
spike 58150 0 167 100 0 
spike 58300 0 167 100 0 
spike 58450 0 167 100 0 
spike 58600 150 167 100 180 
orbportal 58767 0 
block 59500 0 75 350 
block 59500 500 75 100 
dragonportal 59500 350 
block 60000 0 75 300 
block 60000 450 75 350 
laserportal 60000 300 
block 60500 0 75 225 
block 60500 375 75 225 
orbportal 60500 225 
lava 60500 565 1350 25 180 
spike 60900 0 50 50 0 
yellowglobe 61100 400 
yellowglobe 61500 400 
cubeportal 61900 400 
spike 63100 0 50 50 0 
spike 63500 0 75 75 0 
spike 63900 0 100 100 0 
dragonportal 64150 0 
block 64700 0 200 230 
block 64700 420 200 225 
lava 64700 405 200 15 180 
lava 64700 230 200 15 0 
block 65100 0 400 240 
block 65100 410 400 225 
lava 65100 395 400 15 180 
lava 65100 240 400 15 0 
block 65700 0 600 250 
block 65700 400 600 225 
lava 65700 385 600 15 180 
lava 65700 250 600 15 0 
block 66500 0 800 260 
block 66500 390 800 225 
lava 66500 375 800 15 180 
lava 66500 260 800 15 0 
orbportal 67900 150 
block 67900 0 75 150 
block 67900 300 75 375 
lava 67975 585 9925 15 180 
lava 68300 0 9600 15 0 
block 68400 400 400 200 
block 68800 0 200 150 
block 69000 450 400 200 
block 69400 0 400 100 
yellowspring 69750 105 0 
block 70200 0 200 250 
block 70400 400 300 200 
block 70700 0 500 175 
block 71400 0 100 50 
block 71600 400 300 200 
block 72050 0 350 150 
block 72400 400 50 200 
gravspring 72400 390 180 
block 72500 0 500 250 
block 73000 450 50 200 
block 73200 0 200 250 
block 73500 0 400 150 
block 74100 500 150 200 
block 74200 0 300 250 
block 74600 400 150 200 
block 74950 550 450 200 
block 75550 0 350 100 
yellowspring 75850 105 0 
block 75900 375 700 200 
yellowglobe 76750 430 
block 77000 350 500 300 
block 77600 0 50 50 
gravspring 77600 50 0 
cyclopsportal 77900 440 
spike 78300 0 50 50 0 
block 78300 300 500 75 
spike 78500 540 50 50 180 
spike 78700 300 50 50 0 
spike 79100 540 50 50 180 
block 79100 200 400 75 
spike 79300 0 50 50 0 
spike 79450 150 50 50 180 
spike 79700 0 50 50 0 
block 79700 300 500 75 
spike 79900 540 50 50 180 
spike 80100 300 50 50 0 
spike 80500 540 50 50 180 
block 80500 200 400 75 
spike 80700 0 50 50 0 
spike 80850 150 50 50 180 
spike 81100 0 50 50 0 
block 81100 300 500 75 
spike 81300 540 50 50 180 
spike 81500 300 50 50 0 
spike 81900 540 50 50 180 
block 81900 200 400 75 
spike 82100 0 50 50 0 
spike 82250 150 50 50 180 
dragonportal 82300 0 
block 82900 0 75 150 
block 82900 300 75 375 
block 83300 420 25 200 
block 83300 420 3000 75 
spike 83300 220 333 200 180 
spike 84100 220 333 200 180 
spike 84900 220 333 200 180 
spike 85700 220 333 200 180 
spike 83700 0 333 200 0 
spike 84500 0 333 200 0 
spike 85300 0 333 200 0 
cubeportal 85600 100 
block 86200 0 75 75 
spike 86275 0 75 75 0 
gravspring 86875 0 0 
yellowglobe 87050 300 
laserportal 87350 245 
block 87425 0 1000 170 
block 87425 470 1000 225 
lava 87425 455 1000 15 180 
lava 87425 170 1000 15 0 
cubeportal 88425 245 
yellowspring 88700 0 0 
block 88900 0 200 200 
yellowglobe 89400 100 
yellowglobe 89700 100 
block 90000 0 600 100 
spike 90350 100 75 75 0 
block 90700 0 75 175 
block 90875 0 800 100 
spike 91025 100 75 75 0 
spike 92000 0 75 75 0
spike 93000 0 75 75 0
spike 94000 0 75 75 0
spike 95000 0 75 75 0
spike 96000 0 75 75 0
end 97000

# Macaco Map Setup
1ยบ gamemode
spike x y tamanho_x tamanho_y angle
block x y tamanho_x tamanho_y
lava x y tamanho_x tamanho_y angle
gravspring x y angle
yellowspring x y angle
yellowglobe x y
cubeportal x y
laserportal x y
orbportal x y
dragonportal x y
cyclopsportal x y
end x

BASE_BOTTOM: y = 0
BASE_TOP: Y = 590
